INSERT INTO avaliacaoCriterio (idAvaliacao, idCriterio, nota) 
    values (1, 1, 8),
           (1, 2, 7),
           (1, 3, 8),
           (1, 4, 5),
           (1, 5, 8),
           (2, 1, 7),
           (2, 2, 8),
           (2, 3, 5),
           (2, 4, 8),
           (2, 5, 8),
           (3, 1, 7),
           (3, 2, 8),
           (3, 3, 5),
           (3, 4, 8),
           (3, 5, 8),
           (4, 1, 7),
           (4, 2, 8),
           (4, 3, 5),
           (4, 4, 8),
           (4, 5, 8),
           (5, 1, 7),
           (5, 2, 8),
           (5, 3, 5),
           (5, 4, 8),
           (5, 5, 8),
           (6, 1, 7),
           (6, 2, 8),
           (6, 3, 5),
           (6, 4, 8),
           (6, 5, 8),
           (7, 1, 7),
           (7, 2, 8),
           (7, 3, 5),
           (7, 4, 8),
           (7, 5, 8),
           (8, 1, 7),
           (8, 2, 8),
           (8, 3, 5),
           (8, 4, 8),
           (8, 5, 8),
           (9, 1, 7),
           (9, 2, 8),
           (9, 3, 5),
           (9, 4, 8),
           (9, 5, 8),
           (10, 1, 7),
           (10, 2, 8),
           (10, 3, 5),
           (10, 4, 8),
           (10, 5, 8),
           (11, 1, 7),
           (11, 2, 8),
           (11, 3, 5),
           (11, 4, 8),
           (11, 5, 8),
           (12, 1, 7),
           (12, 2, 8),
           (12, 3, 5),
           (12, 4, 8),
           (12, 5, 8),
           (13, 1, 7),
           (13, 2, 8),
           (13, 3, 5),
           (13, 4, 8),
           (13, 5, 8),
           (14, 1, 7),
           (14, 2, 8),
           (14, 3, 5),
           (14, 4, 8),
           (14, 5, 8),
           (15, 1, 7),
           (15, 2, 8),
           (15, 3, 5),
           (15, 4, 8),
           (15, 5, 8),
           (16, 1, 7),
           (16, 2, 8),
           (16, 3, 5),
           (16, 4, 8),
           (16, 5, 8),
           (17, 1, 7),
           (17, 2, 8),
           (17, 3, 5),
           (17, 4, 8),
           (17, 5, 8),
           (18, 1, 7),
           (18, 2, 8),
           (18, 3, 5),
           (18, 4, 8),
           (18, 5, 8),
           (19, 1, 7),
           (19, 2, 8),
           (19, 3, 5),
           (19, 4, 8),
           (19, 5, 8),
           (20, 1, 7),
           (20, 2, 8),
           (20, 3, 5),
           (20, 4, 8),
           (20, 5, 8),
           (21, 1, 7),
           (21, 2, 8),
           (21, 3, 5),
           (21, 4, 8),
           (21, 5, 8),
           (22, 1, 7),
           (22, 2, 8),
           (22, 3, 5),
           (22, 4, 8),
           (22, 5, 8),
           (23, 1, 7),
           (23, 2, 8),
           (23, 3, 5),
           (23, 4, 8),
           (23, 5, 8),
           (24, 1, 7),
           (24, 2, 8),
           (24, 3, 5),
           (24, 4, 8),
           (24, 5, 8),
           (25, 1, 7),
           (25, 2, 8),
           (25, 3, 5),
           (25, 4, 8),
           (25, 5, 8),
           (26, 1, 7),
           (26, 2, 8),
           (26, 3, 5),
           (26, 4, 8),
           (26, 5, 8),
           (27, 1, 7),
           (27, 2, 8),
           (27, 3, 5),
           (27, 4, 8),
           (27, 5, 8),
           (28, 1, 7),
           (28, 2, 8),
           (28, 3, 5),
           (28, 4, 8),
           (28, 5, 8),
           (29, 1, 7),
           (29, 2, 8),
           (29, 3, 5),
           (29, 4, 8),
           (29, 5, 8),
           (30, 1, 7),
           (30, 2, 8),
           (30, 3, 5),
           (30, 4, 8),
           (30, 5, 8);

